-0.0385871
0.0155085 0.0292599 0.688046
***
16.4943:
    3.6824
  0.170583
-0.0382885
0.0156062 0.0300006 0.689276
***
16.5001:
   3.68586
  0.172368
-0.0378204
0.0153856 0.0295686 0.690901
***
16.5043:
   3.68831
  0.173604
-0.0373388
0.0156671 0.028708 0.69189
***
16.51:
   3.69158
  0.175225
-0.0366171
0.0156989 0.0274104 0.693096
***
16.514:
   3.69392
  0.176334
-0.0361212
0.015561 0.0266207 0.693679
***
16.5201:
   3.69736
  0.177919
-0.0354106
0.0157258 0.0256168 0.693875
***
16.5243:
   3.69972
  0.178916
-0.0349418
0.0156564 0.0247643 0.693664
***
16.53:
   3.70292
  0.180142
-0.0343602
0.0150347 0.023952 0.692963
***
16.5343:
   3.70539
  0.180957
-0.0339491
0.0149347 0.0235483 0.692109
***
16.5397:
   3.70855
  0.181859
-0.0334139
0.0146639 0.0228866 0.690285
***
16.5443:
  3.71122
 0.182472
-0.032915
0.0146833 0.0219578 0.687981
***
16.5501:
   3.71471
   0.18311
-0.0321849
0.0152593 0.020901 0.684356
***
16.5543:
   3.71728
  0.183433
-0.0316062
0.0155202 0.0200162 0.681031
***
16.5599:
   3.72079
  0.183725
-0.0308125
0.0161541 0.0189104 0.67533
***
16.5644:
   3.72362
  0.183777
-0.0301949
0.0168943 0.0182688 0.670098
***
16.5702:
   3.72735
  0.183643
-0.0294729
0.0173262 0.0180258 0.662591
***
16.5741:
   3.72995
  0.183402
-0.0290789
0.0175081 0.0182116 0.656822
***
16.58:
   3.73393
  0.182911
-0.0285601
0.0172762 0.0186047 0.647082
***
16.5843:
   3.73685
  0.182416
-0.0282611
0.0167387 0.0189149 0.639411
***
16.5899:
  3.74076
 0.181615
-0.027942
0.0158587 0.0197861 0.628374
***
16.5943:
  3.74381
 0.180844
-0.027767
0.0150823 0.0206527 0.619163
***
16.6:
  3.74795
 0.179626
-0.027534
0.0144594 0.0215051 0.605746
***
16.6043:
   3.75108
  0.178534
-0.0272955
0.0144879 0.0218835 0.595046
***
